[123
122
139
181
120
121
121
116
148
117
115
110
110
110
215
216
216
110
216
216
215
110
216
216
216
215
215
111
28
23
218
218
218
218
21
1
214
216
217
215
215
216
215
217
216
216
215
217
217
217
217
110
216
217
217
217
217
216
215
217
217
216
215
216
110
159
216
216
217
111
216
216
217
215
216
215
215
215
216
214
111
217
217
216
216
217
215
216
216
215
217
217
106
112
218
218
218
218
113
14
216
215
217
215
216
215
217
215
216
216
216
217
111
216
216
110
69
110
115
117
117
117
116
121
120
122
120
125]